image_width: 1920
image_height: 1080
camera_name: dahua_ptz
camera_matrix:
  rows: 3
  cols: 3
  data: [3237.779036, 0.000000, 818.688438, 0.000000, 3287.209697, 626.718017, 0.000000, 0.000000, 1.000000]
distortion_model: plumb_bob
distortion_coefficients:
  rows: 1
  cols: 5
  data: [-0.191267, -0.939011, -0.009699, -0.005125, 3.210965]
rectification_matrix:
  rows: 3
  cols: 3
  data: [1.000000, 0.000000, 0.000000, 0.000000, 1.000000, 0.000000, 0.000000, 0.000000, 1.000000]
projection_matrix:
  rows: 3
  cols: 4
  data: [3152.091309, 0.000000, 806.184178, 0.000000, 0.000000, 3271.543457, 625.226376, 0.000000, 0.000000, 0.000000, 1.000000, 0.000000]
